C 20 2 3 40 3
C 18 2 0 40 3
C 16 2 0 40 3
C 14 2 0 40 3
C 12 2 0 40 3
C 10 2 0 40 3
C 8 2 0 40 3
C 6 2 0 40 3
C 4 2 0 40 3
C 2 2 1 40 3
C 20 4 0 40 3
C 4 4 0 40 3
C 10 4 0 40 3
C 2 4 0 40 3
C 12 4 0 40 3
C 16 4 0 40 3
C 8 4 0 40 3
C 18 4 0 40 3
C 6 4 0 40 3
C 14 4 0 40 3
C 12 6 0 40 3
C 8 6 0 40 3
C 18 6 0 40 3
C 10 6 0 40 3
C 14 6 0 40 3
C 4 6 0 40 3
C 6 6 0 40 3
C 20 6 0 40 3
C 2 6 0 40 3
C 16 6 0 40 3
C 10 8 0 40 3
C 4 8 0 40 3
C 18 8 0 40 3
C 16 8 0 40 3
C 12 8 0 40 3
C 14 8 0 40 3
C 8 8 0 40 3
C 20 8 0 40 3
C 2 8 0 40 3
C 6 8 0 40 3
C 16 10 0 40 3
C 2 10 0 40 3
C 14 10 0 40 3
C 12 10 0 40 3
C 18 10 0 40 3
C 10 10 0 40 3
C 4 10 0 40 3
C 20 10 0 40 3
C 6 10 0 40 3
C 8 10 0 40 3
C 16 12 0 40 3
C 4 12 0 40 3
C 14 12 0 40 3
C 6 12 0 40 3
C 2 12 0 40 3
C 20 12 0 40 3
C 10 12 0 40 3
C 12 12 0 40 3
C 8 12 0 40 3
C 18 12 0 40 3
C 6 14 0 40 3
C 2 14 0 40 3
C 18 14 0 40 3
C 8 14 0 40 3
C 16 14 0 40 3
C 14 14 0 40 3
C 10 14 0 40 3
C 12 14 0 40 3
C 20 14 0 40 3
C 4 14 0 40 3
C 16 16 0 40 3
C 10 16 0 40 3
C 20 16 0 40 3
C 2 16 0 40 3
C 18 16 0 40 3
C 14 16 0 40 3
C 8 16 0 40 3
C 6 16 0 40 3
C 4 16 0 40 3
C 12 16 0 40 3
C 20 18 0 40 3
C 14 18 0 40 3
C 12 18 0 40 3
C 10 18 0 40 3
C 18 18 0 40 3
C 8 18 0 40 3
C 6 18 0 40 3
C 4 18 0 40 3
C 16 18 0 40 3
C 2 18 0 40 3
C 20 20 2 40 3
C 16 20 0 40 3
C 14 20 0 40 3
C 12 20 0 40 3
C 8 20 0 40 3
C 6 20 0 40 3
C 4 20 0 40 3
C 2 20 4 40 3
C 18 20 0 40 3
C 10 20 0 40 3
