C 28 0 0 90 4
C 3 0 0 90 4
C 29 0 0 80 4
C 2 0 0 80 4
C 11 1 0 10 1
C 20 1 0 10 1
C 5 2 0 95 4
C 26 2 0 95 4
C 8 2 0 30 3
C 23 2 0 30 3
C 17 4 0 15 4
C 25 4 0 50 4
C 14 4 0 15 4
C 6 4 0 50 4
C 24 5 0 25 3
C 19 5 3 10 1
C 7 5 0 25 3
C 12 5 1 10 1
C 28 6 0 10 3
C 3 6 0 10 3
C 30 10 0 80 4
C 19 10 0 60 3
C 14 10 0 20 3
C 1 10 0 80 4
C 12 10 0 60 3
C 6 10 0 10 3
C 25 10 0 10 3
C 17 10 0 20 3
C 17 11 0 40 2
C 14 11 0 40 2
C 17 20 0 40 2
C 14 20 0 40 2
C 12 21 0 60 3
C 17 21 0 20 3
C 19 21 0 60 3
C 25 21 0 10 3
C 14 21 0 20 3
C 6 21 0 10 3
C 1 21 0 80 4
C 30 21 0 80 4
C 28 25 0 10 3
C 3 25 0 10 3
C 12 26 4 10 1
C 7 26 0 25 3
C 19 26 2 10 1
C 24 26 0 25 3
C 14 27 0 15 4
C 6 27 0 50 4
C 17 27 0 15 4
C 25 27 0 50 4
C 8 29 0 30 3
C 5 29 0 95 4
C 23 29 0 30 3
C 26 29 0 95 4
C 11 30 0 10 1
C 20 30 0 10 1
C 29 31 0 80 4
C 3 31 0 90 4
C 2 31 0 80 4
C 28 31 0 90 4
