C 6 0 0 5 1
C 35 0 0 5 1
C 14 4 0 5 1
C 27 4 0 5 1
C 2 8 0 0 2
C 39 8 0 0 2
C 9 11 0 30 3
C 14 11 0 95 4
C 27 11 0 95 4
C 32 11 0 30 3
C 6 13 0 40 3
C 35 13 0 40 3
C 29 14 3 10 1
C 12 14 1 10 1
C 6 14 0 5 4
C 35 14 0 5 4
C 3 18 0 20 3
C 38 18 0 20 3
C 28 19 0 10 1
C 13 19 0 10 1
C 28 22 0 10 1
C 13 22 0 10 1
C 38 23 0 20 3
C 3 23 0 20 3
C 6 27 0 5 4
C 12 27 4 10 1
C 35 27 0 5 4
C 29 27 2 10 1
C 6 28 0 40 3
C 35 28 0 40 3
C 9 30 0 30 3
C 14 30 0 95 4
C 32 30 0 30 3
C 27 30 0 95 4
C 2 33 0 0 2
C 39 33 0 0 2
C 27 37 0 5 1
C 14 37 0 5 1
C 6 41 0 5 1
C 35 41 0 5 1
