C 12 0 0 20 4
C 19 0 0 20 4
C 12 2 0 65 4
C 19 2 0 65 4
C 4 5 0 10 1
C 27 5 0 10 1
C 6 6 0 40 4
C 12 6 0 25 3
C 25 6 0 40 4
C 19 6 0 25 3
C 8 7 0 15 2
C 23 7 0 15 2
C 5 9 1 10 4
C 26 9 3 10 4
C 22 12 0 5 1
C 21 12 0 65 4
C 10 12 0 65 4
C 9 12 0 5 1
C 10 19 0 65 4
C 22 19 0 5 1
C 21 19 0 65 4
C 9 19 0 5 1
C 5 22 4 10 4
C 26 22 2 10 4
C 8 24 0 15 2
C 23 24 0 15 2
C 6 25 0 40 4
C 12 25 0 25 3
C 19 25 0 25 3
C 25 25 0 40 4
C 4 26 0 10 1
C 27 26 0 10 1
C 19 29 0 65 4
C 12 29 0 65 4
C 12 31 0 20 4
C 19 31 0 20 4
