C 9 0 0 10 2
C 7 0 0 35 3
C 14 0 0 35 3
C 12 0 0 10 2
C 8 2 0 60 3
C 13 2 0 60 3
C 2 6 0 40 2
C 19 6 0 40 2
C 1 7 1 10 2
C 2 7 0 95 4
C 20 7 3 10 2
C 19 7 0 95 4
C 15 8 0 65 3
C 2 8 0 0 1
C 6 8 0 65 3
C 19 8 0 0 1
C 12 9 0 35 4
C 9 9 0 35 4
C 12 12 0 35 4
C 9 12 0 35 4
C 2 13 0 0 1
C 6 13 0 65 3
C 15 13 0 65 3
C 19 13 0 0 1
C 1 14 4 10 2
C 2 14 0 95 4
C 19 14 0 95 4
C 20 14 2 10 2
C 2 15 0 40 2
C 19 15 0 40 2
C 8 19 0 60 3
C 13 19 0 60 3
C 7 21 0 35 3
C 12 21 0 10 2
C 14 21 0 35 3
C 9 21 0 10 2
