C 9 1 0 5 1
C 5 1 0 30 4
C 26 1 0 30 4
C 22 1 0 5 1
C 6 3 0 5 2
C 25 3 0 5 2
C 17 5 0 20 1
C 28 5 0 35 2
C 0 5 0 40 2
C 3 5 0 35 2
C 31 5 0 40 2
C 14 5 0 20 1
C 25 8 0 10 1
C 2 8 0 5 1
C 6 8 0 10 1
C 29 8 0 5 1
C 22 10 3 0 1
C 9 10 1 0 1
C 17 11 0 15 1
C 14 11 0 15 1
C 17 20 0 15 1
C 14 20 0 15 1
C 22 21 2 0 1
C 9 21 4 0 1
C 2 23 0 5 1
C 6 23 0 10 1
C 29 23 0 5 1
C 25 23 0 10 1
C 0 26 0 40 2
C 3 26 0 35 2
C 14 26 0 20 1
C 31 26 0 40 2
C 28 26 0 35 2
C 17 26 0 20 1
C 6 28 0 5 2
C 25 28 0 5 2
C 26 30 0 30 4
C 9 30 0 5 1
C 5 30 0 30 4
C 22 30 0 5 1
