C 18 0 0 10 1
C 22 1 0 85 4
C 30 1 0 15 1
C 9 1 0 15 4
C 1 1 0 15 1
C 24 2 0 70 4
C 12 2 0 15 1
C 23 3 0 10 4
C 11 3 0 45 3
C 26 4 0 20 3
C 9 4 0 10 4
C 4 5 0 20 3
C 19 5 0 10 2
C 2 7 0 70 4
C 21 7 0 10 4
C 22 8 0 35 2
C 3 8 0 10 4
C 27 9 0 10 4
C 8 9 0 35 2
C 1 9 0 85 4
C 30 9 0 15 4
C 7 10 0 10 4
C 12 10 1 40 3
C 18 11 0 45 3
C 28 11 0 45 3
C 29 12 0 15 1
C 5 12 0 10 2
C 21 12 3 40 3
C 0 13 0 10 1
C 11 13 0 45 3
C 2 16 0 10 1
C 14 17 0 15 1
C 6 17 0 85 4
C 20 18 0 45 3
C 31 18 0 10 1
C 8 18 0 70 4
C 26 19 0 10 2
C 7 19 0 10 4
C 10 20 0 20 3
C 3 21 0 10 2
C 24 21 0 10 4
C 19 21 2 40 3
C 23 22 0 35 2
C 30 22 0 85 4
C 5 23 0 10 4
C 28 23 0 10 4
C 29 24 0 70 4
C 6 24 0 35 2
C 11 25 0 10 4
C 14 25 0 15 4
C 27 26 0 20 3
C 12 27 0 45 3
C 2 27 0 45 3
C 22 27 0 10 4
C 20 28 0 45 3
C 5 28 4 40 3
C 13 28 0 15 1
C 19 29 0 15 1
C 30 30 0 15 1
C 22 30 0 15 4
