C 21 0 0 85 4
C 25 0 0 65 4
C 6 0 0 65 4
C 10 0 0 85 4
C 19 1 0 20 1
C 12 1 0 20 1
C 28 2 0 20 4
C 3 2 0 20 4
C 2 2 0 75 4
C 29 2 0 75 4
C 12 3 0 50 3
C 29 3 0 5 3
C 2 3 0 5 3
C 23 3 0 25 2
C 19 3 0 50 3
C 8 3 0 25 2
C 18 4 3 0 2
C 13 4 1 0 2
C 18 5 0 15 2
C 13 5 0 15 2
C 14 6 0 70 4
C 17 6 0 70 4
C 0 9 0 85 4
C 31 9 0 85 4
C 13 12 0 60 4
C 18 12 0 60 4
C 21 13 0 40 4
C 10 13 0 40 4
C 21 18 0 40 4
C 10 18 0 40 4
C 13 19 0 60 4
C 18 19 0 60 4
C 31 22 0 85 4
C 0 22 0 85 4
C 14 25 0 70 4
C 17 25 0 70 4
C 13 26 0 15 2
C 18 26 0 15 2
C 13 27 4 0 2
C 18 27 2 0 2
C 8 28 0 25 2
C 12 28 0 50 3
C 23 28 0 25 2
C 19 28 0 50 3
C 2 28 0 5 3
C 29 28 0 5 3
C 3 29 0 20 4
C 2 29 0 75 4
C 28 29 0 20 4
C 29 29 0 75 4
C 12 30 0 20 1
C 19 30 0 20 1
C 25 31 0 65 4
C 10 31 0 85 4
C 6 31 0 65 4
C 21 31 0 85 4
