C 1 0 0 35 4
C 3 1 0 35 2
C 21 1 0 35 4
C 19 2 0 15 2
C 2 2 0 15 2
C 16 3 0 65 3
C 20 3 0 35 2
C 7 4 1 20 2
C 13 4 0 45 3
C 14 5 0 25 2
C 16 5 0 0 1
C 13 5 0 45 2
C 5 5 0 0 1
C 3 5 0 65 3
C 9 5 0 25 4
C 17 7 3 20 2
C 5 7 0 25 2
C 5 8 0 45 2
C 4 8 0 45 3
C 16 9 0 25 4
C 5 12 0 25 4
C 17 13 0 45 3
C 16 13 0 45 2
C 16 14 0 25 2
C 4 14 4 20 2
C 16 16 0 0 1
C 12 16 0 25 4
C 8 16 0 45 2
C 18 16 0 65 3
C 7 16 0 25 2
C 5 16 0 0 1
C 8 17 0 45 3
C 14 17 2 20 2
C 1 18 0 35 2
C 5 18 0 65 3
C 19 19 0 15 2
C 2 19 0 15 2
C 0 20 0 35 4
C 18 20 0 35 2
C 20 21 0 35 4
