C 23 0 0 15 1
C 19 0 0 20 3
C 22 0 0 20 3
C 18 0 0 15 1
C 40 2 3 5 4
C 28 2 0 0 1
C 13 2 0 0 1
C 1 2 1 5 4
C 35 3 0 45 2
C 6 3 0 45 2
C 1 4 0 35 4
C 40 4 0 35 4
C 17 4 0 10 1
C 24 4 0 10 1
C 28 7 0 55 4
C 13 7 0 55 4
C 18 8 0 25 2
C 23 8 0 25 2
C 30 10 0 5 1
C 11 10 0 5 1
C 40 11 0 15 3
C 28 11 0 5 4
C 1 11 0 15 3
C 13 11 0 5 4
C 9 12 0 40 2
C 32 12 0 40 2
C 38 13 0 90 4
C 3 13 0 90 4
C 4 13 0 50 4
C 37 13 0 50 4
C 16 18 1 70 4
C 25 18 3 70 4
C 38 19 0 20 1
C 36 19 0 20 4
C 28 19 0 40 2
C 3 19 0 20 1
C 13 19 0 40 2
C 5 19 0 20 4
C 28 22 0 40 2
C 13 22 0 40 2
C 3 22 0 20 1
C 38 22 0 20 1
C 36 22 0 20 4
C 5 22 0 20 4
C 25 23 2 70 4
C 16 23 4 70 4
C 3 28 0 90 4
C 4 28 0 50 4
C 38 28 0 90 4
C 37 28 0 50 4
C 9 29 0 40 2
C 32 29 0 40 2
C 1 30 0 15 3
C 13 30 0 5 4
C 28 30 0 5 4
C 40 30 0 15 3
C 11 31 0 5 1
C 30 31 0 5 1
C 23 33 0 25 2
C 18 33 0 25 2
C 28 34 0 55 4
C 13 34 0 55 4
C 17 37 0 10 1
C 24 37 0 10 1
C 40 37 0 35 4
C 1 37 0 35 4
C 6 38 0 45 2
C 35 38 0 45 2
C 40 39 2 5 4
C 28 39 0 0 1
C 13 39 0 0 1
C 1 39 4 5 4
C 22 41 0 20 3
C 18 41 0 15 1
C 19 41 0 20 3
C 23 41 0 15 1
