C 34 2 3 5 1
C 26 3 0 5 2
C 24 5 0 0 1
C 8 6 1 85 4
C 2 7 1 5 1
C 9 7 1 70 3
C 35 8 3 85 4
C 34 9 3 70 3
C 12 10 0 40 3
C 29 11 0 10 2
C 23 11 0 25 4
C 31 12 0 40 3
C 13 12 0 20 1
C 11 12 0 10 2
C 29 13 0 20 1
C 3 15 0 5 2
C 19 17 0 65 4
C 5 17 0 0 1
C 11 18 0 25 4
C 24 19 0 65 4
C 17 22 0 65 4
C 30 23 0 25 4
C 36 24 0 0 1
C 22 24 0 65 4
C 38 26 0 5 2
C 12 28 0 20 1
C 10 29 0 40 3
C 30 29 0 10 2
C 28 29 0 20 1
C 12 30 0 10 2
C 18 30 0 25 4
C 29 31 0 40 3
C 7 32 4 70 3
C 6 33 4 85 4
C 39 34 2 5 1
C 32 34 2 70 3
C 33 35 2 85 4
C 17 36 0 0 1
C 15 38 0 5 2
C 7 39 4 5 1
