C 4 0 0 45 4
C 27 0 0 45 4
C 3 2 0 35 3
C 28 2 0 35 3
C 4 4 0 10 4
C 27 4 0 10 4
C 6 5 1 0 1
C 25 5 3 0 1
C 8 7 1 25 4
C 23 7 3 25 4
C 8 8 0 30 2
C 23 8 0 30 2
C 1 9 0 45 2
C 30 9 0 45 2
C 25 11 3 20 3
C 23 11 0 60 3
C 8 11 0 60 3
C 6 11 1 20 3
C 8 20 0 60 3
C 25 20 2 20 3
C 23 20 0 60 3
C 6 20 4 20 3
C 1 22 0 45 2
C 30 22 0 45 2
C 8 23 0 30 2
C 23 23 0 30 2
C 8 24 4 25 4
C 23 24 2 25 4
C 6 26 4 0 1
C 25 26 2 0 1
C 4 27 0 10 4
C 27 27 0 10 4
C 28 29 0 35 3
C 3 29 0 35 3
C 4 31 0 45 4
C 27 31 0 45 4
