C 8 0 1 0 1
C 2 0 0 35 2
C 5 0 0 20 2
C 29 0 0 35 2
C 26 0 0 20 2
C 23 0 3 0 1
C 10 1 0 60 3
C 21 1 0 60 3
C 12 3 0 20 2
C 19 3 0 20 2
C 9 4 0 0 1
C 22 4 0 0 1
C 23 5 0 20 1
C 8 5 0 20 1
C 9 6 1 20 2
C 22 6 3 20 2
C 20 11 0 0 1
C 11 11 0 0 1
C 26 11 3 20 1
C 5 11 1 20 1
C 20 13 0 15 1
C 11 13 0 15 1
C 25 14 0 85 4
C 6 14 0 85 4
C 25 17 0 85 4
C 6 17 0 85 4
C 20 18 0 15 1
C 11 18 0 15 1
C 5 20 4 20 1
C 11 20 0 0 1
C 26 20 2 20 1
C 20 20 0 0 1
C 9 25 4 20 2
C 22 25 2 20 2
C 8 26 0 20 1
C 23 26 0 20 1
C 9 27 0 0 1
C 22 27 0 0 1
C 12 28 0 20 2
C 19 28 0 20 2
C 10 30 0 60 3
C 21 30 0 60 3
C 23 31 2 0 1
C 26 31 0 20 2
C 5 31 0 20 2
C 2 31 0 35 2
C 29 31 0 35 2
C 8 31 4 0 1
