C 7 0 0 70 4
C 14 0 3 15 1
C 8 2 1 15 3
C 2 2 1 10 2
C 14 2 3 15 2
C 19 2 3 10 2
C 14 3 3 20 1
C 8 4 1 65 3
C 16 4 0 10 1
C 12 5 0 15 2
C 4 5 0 10 1
C 3 7 1 20 1
C 21 7 0 70 4
C 0 7 1 15 1
C 2 7 1 15 2
C 17 8 3 65 3
C 19 8 3 15 3
C 5 9 0 15 2
C 16 12 0 15 2
C 2 13 4 15 3
C 4 13 4 65 3
C 0 14 0 70 4
C 21 14 2 15 1
C 19 14 2 15 2
C 18 14 2 20 1
C 17 16 0 10 1
C 9 16 0 15 2
C 13 17 2 65 3
C 5 17 0 10 1
C 7 18 4 20 1
C 13 19 2 15 3
C 7 19 4 15 2
C 19 19 2 10 2
C 2 19 4 10 2
C 14 21 0 70 4
C 7 21 4 15 1
