C 4 4 1 35 2
C 8 4 0 45 3
C 27 4 3 35 2
C 23 4 0 45 3
C 6 7 1 60 3
C 2 7 0 0 4
C 29 7 0 0 4
C 25 7 3 60 3
C 11 9 0 10 1
C 20 9 0 10 1
C 3 10 0 20 1
C 25 10 0 60 3
C 6 10 0 60 3
C 28 10 0 20 1
C 24 14 0 70 3
C 22 14 0 10 1
C 9 14 0 10 1
C 7 14 0 70 3
C 9 17 0 10 1
C 24 17 0 70 3
C 22 17 0 10 1
C 7 17 0 70 3
C 3 21 0 20 1
C 6 21 0 60 3
C 25 21 0 60 3
C 28 21 0 20 1
C 11 22 0 10 1
C 20 22 0 10 1
C 2 24 0 0 4
C 6 24 4 60 3
C 25 24 2 60 3
C 29 24 0 0 4
C 4 27 4 35 2
C 23 27 0 45 3
C 27 27 2 35 2
C 8 27 0 45 3
