C 0 0 0 30 2
C 31 0 0 30 2
C 26 0 0 25 3
C 9 1 0 50 4
C 11 1 0 65 3
C 24 3 3 15 3
C 12 4 0 15 1
C 0 5 0 25 3
C 6 5 0 5 4
C 26 6 0 5 4
C 11 6 0 15 1
C 3 7 1 15 3
C 8 7 1 10 3
C 24 8 3 10 3
C 13 9 0 5 1
C 30 9 0 50 4
C 14 10 0 80 4
C 20 11 0 65 4
C 25 11 0 15 1
C 18 11 0 20 4
C 30 11 0 65 3
C 11 11 0 65 4
C 27 12 0 15 1
C 22 13 0 5 1
C 11 13 0 20 4
C 21 14 0 80 4
C 10 17 0 80 4
C 9 18 0 5 1
C 20 18 0 20 4
C 4 19 0 15 1
C 11 20 0 65 4
C 13 20 0 20 4
C 6 20 0 15 1
C 20 20 0 65 4
C 1 20 0 65 3
C 17 21 0 80 4
C 18 22 0 5 1
C 1 22 0 50 4
C 7 23 4 10 3
C 28 24 2 15 3
C 23 24 2 10 3
C 20 25 0 15 1
C 5 25 0 5 4
C 25 26 0 5 4
C 31 26 0 25 3
C 19 27 0 15 1
C 7 28 4 15 3
C 20 30 0 65 3
C 22 30 0 50 4
C 31 31 0 30 2
C 5 31 0 25 3
C 0 31 0 30 2
