C 22 0 0 15 3
C 25 0 0 5 4
C 11 2 0 35 2
C 18 5 3 20 1
C 26 5 3 5 3
C 9 5 0 5 2
C 10 5 0 80 4
C 8 5 0 15 1
C 5 5 1 5 3
C 11 6 0 5 3
C 0 6 0 5 4
C 14 7 0 20 1
C 10 7 1 10 1
C 11 8 0 40 2
C 26 8 0 15 1
C 26 9 0 5 2
C 0 9 0 15 3
C 26 10 0 80 4
C 24 10 3 10 1
C 23 11 0 40 2
C 29 11 0 35 2
C 25 11 0 5 3
C 14 13 0 35 4
C 5 13 1 20 1
C 18 14 0 35 4
C 24 14 0 20 1
C 7 17 0 20 1
C 13 17 0 35 4
C 26 18 2 20 1
C 17 18 0 35 4
C 2 20 0 35 2
C 6 20 0 5 3
C 8 20 0 40 2
C 5 21 0 80 4
C 7 21 4 10 1
C 31 22 0 15 3
C 5 22 0 5 2
C 5 23 0 15 1
C 20 23 0 40 2
C 17 24 0 20 1
C 21 24 2 10 1
C 20 25 0 5 3
C 31 25 0 5 4
C 13 26 4 20 1
C 21 26 0 80 4
C 22 26 0 5 2
C 23 26 0 15 1
C 26 26 2 5 3
C 5 26 4 5 3
C 20 29 0 35 2
C 9 31 0 15 3
C 6 31 0 5 4
