C 3 0 0 20 2
C 31 3 0 20 2
C 20 3 3 5 1
C 14 3 1 20 1
C 10 3 0 30 4
C 9 4 0 10 1
C 17 5 0 20 1
C 13 6 0 65 4
C 9 8 0 40 2
C 27 9 0 10 1
C 23 9 0 40 2
C 12 9 0 0 2
C 28 10 0 30 4
C 18 10 0 5 3
C 3 11 1 5 1
C 22 12 0 0 2
C 10 13 0 5 3
C 18 13 0 20 4
C 13 13 0 20 4
C 25 13 0 65 4
C 17 14 0 35 3
C 5 14 0 20 1
C 14 14 0 35 3
C 28 14 3 20 1
C 3 17 4 20 1
C 14 17 0 35 3
C 17 17 0 35 3
C 26 17 0 20 1
C 21 18 0 5 3
C 18 18 0 20 4
C 6 18 0 65 4
C 13 18 0 20 4
C 9 19 0 0 2
C 28 20 2 5 1
C 3 21 0 30 4
C 13 21 0 5 3
C 4 22 0 10 1
C 19 22 0 0 2
C 8 22 0 40 2
C 22 23 0 40 2
C 18 25 0 65 4
C 14 26 0 20 1
C 22 27 0 10 1
C 17 28 2 20 1
C 21 28 0 30 4
C 11 28 4 5 1
C 0 28 0 20 2
C 28 31 0 20 2
