C 17 0 1 15 2
C 13 1 1 15 2
C 4 1 1 0 3
C 25 2 3 10 1
C 31 2 3 60 3
C 16 2 1 90 4
C 16 3 1 0 2
C 9 4 1 5 2
C 28 4 3 5 1
C 40 4 3 0 3
C 14 4 1 5 1
C 13 5 1 5 2
C 19 6 1 80 4
C 34 6 3 15 1
C 6 7 1 15 1
C 12 7 1 25 3
C 26 8 3 15 3
C 24 9 3 95 4
C 37 9 3 5 2
C 23 9 3 80 4
C 2 10 1 60 3
C 13 12 1 0 2
C 34 12 3 25 3
C 40 13 3 15 2
C 36 13 3 5 2
C 4 13 1 5 1
C 29 13 3 0 2
C 19 14 1 60 4
C 37 14 3 5 1
C 8 15 1 15 3
C 25 15 3 30 3
C 2 16 1 10 1
C 39 16 3 90 4
C 38 16 3 0 2
C 15 16 1 30 3
C 9 17 1 95 4
C 41 17 3 15 2
C 9 18 1 80 4
C 35 19 3 80 4
C 27 19 3 60 4
C 6 22 4 80 4
C 14 22 4 60 4
C 32 23 2 80 4
C 32 24 2 95 4
C 0 24 4 15 2
C 2 25 4 90 4
C 3 25 4 0 2
C 39 25 2 10 1
C 26 25 2 30 3
C 16 26 4 30 3
C 33 26 2 15 3
C 4 27 4 5 1
C 22 27 2 60 4
C 5 28 4 5 2
C 12 28 4 0 2
C 37 28 2 5 1
C 1 28 4 15 2
C 7 29 4 25 3
C 28 29 2 0 2
C 39 31 2 60 3
C 4 32 4 5 2
C 18 32 4 80 4
C 17 32 4 95 4
C 15 33 4 15 3
C 35 34 2 15 1
C 29 34 2 25 3
C 7 35 4 15 1
C 22 35 2 80 4
C 28 36 2 5 2
C 13 37 4 5 1
C 1 37 4 0 3
C 27 37 2 5 1
C 32 37 2 5 2
C 25 38 2 0 2
C 16 39 4 10 1
C 25 39 2 90 4
C 10 39 4 60 3
C 37 40 2 0 3
C 28 40 2 15 2
C 24 41 2 15 2
