C 10 0 1 15 3
C 39 0 3 20 3
C 0 2 1 20 3
C 14 2 1 75 4
C 8 3 1 45 2
C 33 3 3 20 2
C 31 4 3 0 3
C 25 4 3 0 1
C 24 4 3 5 1
C 25 5 3 15 1
C 33 7 3 10 3
C 31 8 3 20 2
C 38 8 3 45 2
C 27 8 3 45 2
C 7 8 1 10 3
C 3 8 1 20 2
C 25 9 3 10 4
C 10 9 1 40 2
C 8 10 1 20 2
C 41 10 3 15 3
C 4 10 1 0 3
C 32 10 3 40 2
C 18 13 1 30 4
C 15 13 1 15 1
C 39 14 3 75 4
C 19 14 1 70 3
C 8 14 1 45 2
C 28 15 3 15 1
C 24 15 3 5 4
C 24 16 3 40 4
C 9 16 1 10 4
C 4 16 1 0 1
C 5 16 1 15 1
C 4 17 1 5 1
C 16 17 1 40 4
C 15 17 1 5 4
C 28 18 3 30 4
C 27 19 3 70 3
C 14 22 4 70 3
C 13 23 4 30 4
C 25 24 2 40 4
C 26 24 2 5 4
C 37 24 2 5 1
C 36 25 2 15 1
C 17 25 4 40 4
C 32 25 2 10 4
C 37 25 2 0 1
C 13 26 4 15 1
C 17 26 4 5 4
C 33 27 2 45 2
C 22 27 2 70 3
C 2 27 4 75 4
C 23 28 2 30 4
C 26 28 2 15 1
C 0 31 4 15 3
C 33 31 2 20 2
C 9 31 4 40 2
C 37 31 2 0 3
C 31 32 2 40 2
C 16 32 4 10 4
C 3 33 4 45 2
C 10 33 4 20 2
C 38 33 2 20 2
C 14 33 4 45 2
C 34 33 2 10 3
C 8 34 4 10 3
C 16 36 4 15 1
C 17 37 4 5 1
C 10 37 4 0 3
C 16 37 4 0 1
C 8 38 4 20 2
C 33 38 2 45 2
C 27 39 2 75 4
C 41 39 2 20 3
C 2 41 4 20 3
C 31 41 2 15 3
